======================================================================
VEGETABLE CLASSIFICATION - TRAINING METRICS
======================================================================

MODEL INFORMATION
----------------------------------------
Model Type: resnet50
Best Validation Accuracy: 99.97%
Test Accuracy: 99.97%

CONFIGURATION
----------------------------------------
model_type: resnet50
epochs: 50
batch_size: 32
learning_rate: 0.001
weight_decay: 0.0001
dropout_rate: 0.5
use_augmentation: True
img_size: (224, 224)
seed: 42
device: cuda


======================================================================
TRAINING HISTORY BY EPOCH
======================================================================

Epoch    Train Loss     Train Acc    Val Loss       Val Acc      Best    
--------------------------------------------------------------------------------
1        0.676140       80.63        0.440471       87.93        ✓ BEST  
2        0.326173       90.69        0.167051       95.23        ✓ BEST  
3        0.238958       93.16        0.094347       97.13        ✓ BEST  
4        0.193059       94.22        0.162495       95.10                
5        0.174171       94.87        0.096728       97.37        ✓ BEST  
6        0.150755       95.71        0.062623       97.90        ✓ BEST  
7        0.131670       96.25        0.077315       97.40                
8        0.126781       96.22        0.049559       98.63        ✓ BEST  
9        0.118198       96.45        0.047582       98.43                
10       0.108638       96.86        0.208230       94.10                
11       0.047296       98.62        0.010232       99.73        ✓ BEST  
12       0.030502       99.13        0.011865       99.63                
13       0.030705       99.02        0.041857       98.83                
14       0.059789       98.33        0.010955       99.70                
15       0.036881       98.87        0.006392       99.83        ✓ BEST  
16       0.048695       98.63        0.032037       99.17                
17       0.039974       98.85        0.012010       99.63                
18       0.040254       98.79        0.018756       99.40                
19       0.042295       98.69        0.016894       99.53                
20       0.031682       99.05        0.033655       99.20                
21       0.016670       99.57        0.007583       99.83                
22       0.009596       99.75        0.006071       99.80                
23       0.014526       99.59        0.007205       99.83                
24       0.013389       99.61        0.011331       99.70                
25       0.011325       99.62        0.006066       99.90        ✓ BEST  
26       0.019939       99.43        0.010580       99.77                
27       0.012633       99.60        0.005329       99.87                
28       0.013493       99.58        0.004173       99.90                
29       0.012832       99.65        0.012458       99.60                
30       0.016903       99.56        0.003932       99.87                
31       0.007551       99.79        0.002974       99.90                
32       0.005217       99.87        0.002170       99.93        ✓ BEST  
33       0.003956       99.90        0.002080       99.93                
34       0.003020       99.94        0.002225       99.93                
35       0.004881       99.93        0.003688       99.90                
36       0.007791       99.73        0.004160       99.87                
37       0.006802       99.83        0.007332       99.77                
38       0.006093       99.88        0.003612       99.90                
39       0.007848       99.78        0.004773       99.93                
40       0.005951       99.86        0.005093       99.93                
41       0.002775       99.95        0.003771       99.90                
42       0.002291       99.97        0.004379       99.90                
43       0.003112       99.93        0.002705       99.93                
44       0.002871       99.93        0.002214       99.93                
45       0.002053       99.96        0.003025       99.90                
46       0.003217       99.93        0.003324       99.93                
47       0.002341       99.95        0.001934       99.97        ✓ BEST  
48       0.003503       99.90        0.002107       99.93                
49       0.001213       100.00       0.002280       99.93                
50       0.003276       99.93        0.002507       99.93                

======================================================================
BEST RESULTS
======================================================================
Best Epoch: 47
Best Validation Accuracy: 99.97%
Best Validation Loss: 0.001934
Corresponding Training Accuracy: 99.95%
Corresponding Training Loss: 0.002341

======================================================================
TRAINING STATISTICS
======================================================================
Final Training Accuracy: 99.93%
Final Validation Accuracy: 99.93%
Final Training Loss: 0.003276
Final Validation Loss: 0.002507
